map: 'Town01'


#format：[x,y,z,pitch,yaw,roll]
ego_location: [338.5,212.8000030517578,0.20000000298023224,0.0,-90.0,0.0]
aux_1_location:  [1,1,1,1,1,1]
aux_2_location: [318.6000061035156,199.60000610351562,0.20000000298023224,0.0,0.0,0.0]
aux_3_location: [335.3999938964844,187.10000610351562,0.20000000298023224,0.0,90.0,0.0]
aux_4_location: [338.20001220703125,197.89999389648438,0.20000000298023224,0.0,-90.0,0.0]

infrastructure_1_location: [338.6, 224.4, 5, -15, -90, 0]
infrastructure_2_location: [312.8, 198.7, 5, -15, 0, 0]
infrastructure_3_location: [335.4, 245.3, 5, -15, 90, 0]
infrastructure_4_location: [345.9, 147 , 5, -25, 180, 0]