map: 'Town03'

#format：[x,y,z,pitch,yaw,roll]
ego_location: [42.0,3.0,0.20000000298023224,0.0,0.0,0.0]
aux_1_location: [50.70000076293945,6.800000190734863,0.20000000298023224,0.0,0.0,0.0]
aux_2_location: [64.4000015258789,4.199999809265137,0.20000000298023224,0.0,0.0,0.0]
aux_3_location: [177.5,-5.099999904632568,0.20000000298023224,0.0,180.0,0.0]
aux_4_location: [167.0,-2.299999952316284,0.20000000298023224,0.0,180.0,0.0]

infrastructure_1_location: [50.1, 13.4, 5, -15, -90, 0]
infrastructure_2_location: [170.5, -12, 5, -15, 90, 0]
infrastructure_3_location: [147.1, -23.9, 8, -25, 90, 0]
infrastructure_4_location: [76.3, -23.9, 8, -25, 90, 0]