map: 'Town03'

#format：[x,y,z,pitch,yaw,roll]
ego_location: [85.4000015258789,134.10000610351562,0.30000001192092896,0.0,0.0,0.0]
aux_1_location: [106.9000015258789,133.6999969482422,0.5,0.0,0.0,0.0]
aux_2_location: [118.0,129.1999969482422,0.5,0.0,180.0,0.0]
aux_3_location: [97.39999389648438,129.1999969482422,0.5,0.0,180.0,0.0]
aux_4_location: [145.7999389648438,125.4999984741211,0.5,0.0,160.0,0.0]

infrastructure_1_location: [152.6, 133 , 5, -15, 210, 0]
infrastructure_2_location: [80.4, 134.1, 5, -15, 0, 0]
infrastructure_3_location: [170.6, 89.6, 5, -15, -90, 0]
infrastructure_4_location: [50.4000015258789,134.10000610351562,5, -15, -180, 0]