map: 'Town03'

#format：[x,y,z,pitch,yaw,roll]
ego_location: [8.199999809265137,25.70000076293945,0.10000001192092896,0.0,-70.0,0.0]
aux_1_location: [15.300000190734863,-11.199999809265137,0.1,0.0,-118.0,0.0]
aux_2_location: [23.900000381469727,-9.5,0.1,0.0,-150.0,0.0]
aux_3_location: [-5.799999952316284,-27.79999923706055,0.1,0.0,115.0,0.0]
aux_4_location: [-28.900001525878906,3.000000059604645,0.1,0.0,35,0.0]

infrastructure_1_location: [6.2, 34.6, 5, -15, -90, 0]
infrastructure_2_location: [33.6, -4.5, 5, -15, 180, 0]
infrastructure_3_location: [-3.3, -35.8, 5, -15, 90, 0]
infrastructure_4_location: [-36.9, 0.4, 5, -15, 0, 0]