map: 'Town03'

#format：[x,y,z,pitch,yaw,roll]
ego_location: [9.600000381469727,-130.5,0.10000001192092896,0.0,-25.0,0.0]
aux_1_location: [-8.0,-131.5000030517578,0.1,0.0,27,0.0]
aux_2_location: [-5.5,-153.0,0.1,0.0,90.0,0.0]
aux_3_location: [22.0,-137.6999969482422,0.5,0.0,180.0,0.0]
aux_4_location: [-17.100000381469727,-134.89999389648438,0.1,0.0,0.0,0.0]

infrastructure_1_location: [-8.5, -123.6, 5, -15, -90, 0]
infrastructure_2_location: [13.2, -149.7, 5, -15, 90, 0]
infrastructure_3_location: [23.8, -132.4, 5, -15, 180, 0]
infrastructure_4_location: [-13.6, -140.8, 5, -15, 0, 0]