map: 'Town04'


#format：[x,y,z,pitch,yaw,roll]
ego_location: [-9.399999618530273,-109.30000305175781,0.30000001192092896,0.0,90.0,0.0]
aux_1_location: [18.700000762939453,-69.69999694824219,0.5,0.0,-60.0,0.0]
aux_2_location: [-26.5,-79.69999694824219,0.5,0.0,63.0,0.0]
aux_3_location: [-9.0,-72.5,0.5,0.0,90.0,0.0]
aux_4_location: [8.199999809265137,-46.900001525878906,0.5,0.0,-90.0,0.0]

infrastructure_1_location: [9.7, -103.3, 5, -15, 90, 0]
infrastructure_2_location: [-10, -44.7, 5, -15, -90, 0]
infrastructure_3_location: [17.8, -132.4, 5, -15, 180, 0]
infrastructure_4_location: [-11.1, -140.8, 5, -15, 0, 0]