map: 'Town05'


#format：[x,y,z,pitch,yaw,roll]
ego_location: [24.100000381469727,182.0,0.1,0.0,105.0,0.0]
aux_1_location: [37.5,187.8000030517578,0.1,0.0,-155.0,0.0]
aux_2_location: [20,201.0,0.1,0.0,-45,0.0]
aux_3_location: [25.300000190734863,205,0.1,0.0,-30,0.0]
aux_4_location: [44.5,195.3000030517578,0.1,0.0,155.0,0.0]

infrastructure_1_location: [12.2, 189, 5, -15, 0, 0]
infrastructure_2_location: [21.7, 213.7, 5, -15, -90, 0]
infrastructure_3_location: [41.8, 207.1, 5, -15, 180, 0]
infrastructure_4_location: [28, 168, 5, -15, 90, 0]