map: 'Town07'


#format：[x,y,z,pitch,yaw,roll]
ego_location: [-201.10000610351562,-148.39999389648438,0.30000001192092896,0.0,90.0,0.0]
aux_1_location: [-201.60000610351562,-130.3000030517578,0.5,0.0,90.0,0.0]
aux_2_location: [-198.3000030517578,-71.0,0.5,0.0,-90.0,0.0]
aux_3_location: [-201.8000030517578,-99.69999694824219,0.5,0.0,90.0,0.0]
aux_4_location: [-198.3000030517578,-49.900001525878906,0.5,0.0,-90.0,0.0]

infrastructure_1_location: [-198.3, -155, 5, -15, 90, 0]
infrastructure_2_location: [-201.5, -58.7, 5, -15, -90, 0]
infrastructure_3_location: [70.3, 5.4, 5, -15, 190, 0]
infrastructure_4_location: [-11.1, -140.8, 5, -15, 0, 0]
